{
 "cells": [
  {
   "cell_type": "code",
   "execution_count": 25,
   "metadata": {
    "collapsed": true
   },
   "outputs": [],
   "source": [
    "import numpy as np\n",
    "import pandas   as pd\n",
    "train=pd.read_csv('train.csv')\n",
    "import  numpy as np\n",
    "def  kin_energy(random_vec):\n",
    "    \"\"\"return    kinetic  energy  of   random vector represented   of   (1,) dimmensional  array\"\"\"\n",
    "    freq=np.unique(random_vec,return_counts=True)\n",
    "    prob=freq[1]/random_vec.shape[0]\n",
    "    energy=np.sum(prob**2)\n",
    "    return  energy\n",
    "def  ic(vector1,vector2):\n",
    "    \"\"\"return  information  coefficient   IC  for  2  random  variables \n",
    "    -defined as   dot product of   probabilities  corresponding to  each class\n",
    "    \n",
    "    \"\"\"\n",
    "    a=vector1\n",
    "    b=vector2\n",
    "    # get the probs  in order  to    do     dot product with  them \n",
    "    prob1=np.unique(a,return_counts=True)[1]/a.shape[0]\n",
    "    prob2=np.unique(b,return_counts=True)[1]/b.shape[0]\n",
    "    p1=list(prob1)\n",
    "    p2=list(prob2)\n",
    "    diff=len(p1)-len(p2)\n",
    "    if diff>0:\n",
    "        for elem in range(diff):\n",
    "            p2.append(0)\n",
    "    if diff<0:\n",
    "        for  elem in range((diff*-1)):\n",
    "            p1.append(0)\n",
    "    ic=np.dot(np.array(p1),np.array(p2))\n",
    "    return ic\n",
    "    \n",
    " \n",
    "def  o(vector1,vector2):\n",
    "    \"\"\"return onicescu   information   correlation   based on kinetic energy \"\"\"\n",
    "    i_c=ic(vector1,vector2)\n",
    "    o=i_c/np.sqrt(kin_energy(vector1)*kin_energy(vector2))\n",
    "    return o\n",
    "              "
   ]
  },
  {
   "cell_type": "code",
   "execution_count": 26,
   "metadata": {
    "collapsed": false
   },
   "outputs": [
    {
     "data": {
      "text/html": [
       "<div>\n",
       "<table border=\"1\" class=\"dataframe\">\n",
       "  <thead>\n",
       "    <tr style=\"text-align: right;\">\n",
       "      <th></th>\n",
       "      <th>Id</th>\n",
       "      <th>Open Date</th>\n",
       "      <th>City</th>\n",
       "      <th>City Group</th>\n",
       "      <th>Type</th>\n",
       "      <th>P1</th>\n",
       "      <th>P2</th>\n",
       "      <th>P3</th>\n",
       "      <th>P4</th>\n",
       "      <th>P5</th>\n",
       "      <th>...</th>\n",
       "      <th>P29</th>\n",
       "      <th>P30</th>\n",
       "      <th>P31</th>\n",
       "      <th>P32</th>\n",
       "      <th>P33</th>\n",
       "      <th>P34</th>\n",
       "      <th>P35</th>\n",
       "      <th>P36</th>\n",
       "      <th>P37</th>\n",
       "      <th>revenue</th>\n",
       "    </tr>\n",
       "  </thead>\n",
       "  <tbody>\n",
       "    <tr>\n",
       "      <th>0</th>\n",
       "      <td>0</td>\n",
       "      <td>07/17/1999</td>\n",
       "      <td>İstanbul</td>\n",
       "      <td>Big Cities</td>\n",
       "      <td>IL</td>\n",
       "      <td>4</td>\n",
       "      <td>5.0</td>\n",
       "      <td>4.0</td>\n",
       "      <td>4.0</td>\n",
       "      <td>2</td>\n",
       "      <td>...</td>\n",
       "      <td>3.0</td>\n",
       "      <td>5</td>\n",
       "      <td>3</td>\n",
       "      <td>4</td>\n",
       "      <td>5</td>\n",
       "      <td>5</td>\n",
       "      <td>4</td>\n",
       "      <td>3</td>\n",
       "      <td>4</td>\n",
       "      <td>5653753.0</td>\n",
       "    </tr>\n",
       "    <tr>\n",
       "      <th>1</th>\n",
       "      <td>1</td>\n",
       "      <td>02/14/2008</td>\n",
       "      <td>Ankara</td>\n",
       "      <td>Big Cities</td>\n",
       "      <td>FC</td>\n",
       "      <td>4</td>\n",
       "      <td>5.0</td>\n",
       "      <td>4.0</td>\n",
       "      <td>4.0</td>\n",
       "      <td>1</td>\n",
       "      <td>...</td>\n",
       "      <td>3.0</td>\n",
       "      <td>0</td>\n",
       "      <td>0</td>\n",
       "      <td>0</td>\n",
       "      <td>0</td>\n",
       "      <td>0</td>\n",
       "      <td>0</td>\n",
       "      <td>0</td>\n",
       "      <td>0</td>\n",
       "      <td>6923131.0</td>\n",
       "    </tr>\n",
       "    <tr>\n",
       "      <th>2</th>\n",
       "      <td>2</td>\n",
       "      <td>03/09/2013</td>\n",
       "      <td>Diyarbakır</td>\n",
       "      <td>Other</td>\n",
       "      <td>IL</td>\n",
       "      <td>2</td>\n",
       "      <td>4.0</td>\n",
       "      <td>2.0</td>\n",
       "      <td>5.0</td>\n",
       "      <td>2</td>\n",
       "      <td>...</td>\n",
       "      <td>3.0</td>\n",
       "      <td>0</td>\n",
       "      <td>0</td>\n",
       "      <td>0</td>\n",
       "      <td>0</td>\n",
       "      <td>0</td>\n",
       "      <td>0</td>\n",
       "      <td>0</td>\n",
       "      <td>0</td>\n",
       "      <td>2055379.0</td>\n",
       "    </tr>\n",
       "    <tr>\n",
       "      <th>3</th>\n",
       "      <td>3</td>\n",
       "      <td>02/02/2012</td>\n",
       "      <td>Tokat</td>\n",
       "      <td>Other</td>\n",
       "      <td>IL</td>\n",
       "      <td>6</td>\n",
       "      <td>4.5</td>\n",
       "      <td>6.0</td>\n",
       "      <td>6.0</td>\n",
       "      <td>4</td>\n",
       "      <td>...</td>\n",
       "      <td>7.5</td>\n",
       "      <td>25</td>\n",
       "      <td>12</td>\n",
       "      <td>10</td>\n",
       "      <td>6</td>\n",
       "      <td>18</td>\n",
       "      <td>12</td>\n",
       "      <td>12</td>\n",
       "      <td>6</td>\n",
       "      <td>2675511.0</td>\n",
       "    </tr>\n",
       "    <tr>\n",
       "      <th>4</th>\n",
       "      <td>4</td>\n",
       "      <td>05/09/2009</td>\n",
       "      <td>Gaziantep</td>\n",
       "      <td>Other</td>\n",
       "      <td>IL</td>\n",
       "      <td>3</td>\n",
       "      <td>4.0</td>\n",
       "      <td>3.0</td>\n",
       "      <td>4.0</td>\n",
       "      <td>2</td>\n",
       "      <td>...</td>\n",
       "      <td>3.0</td>\n",
       "      <td>5</td>\n",
       "      <td>1</td>\n",
       "      <td>3</td>\n",
       "      <td>2</td>\n",
       "      <td>3</td>\n",
       "      <td>4</td>\n",
       "      <td>3</td>\n",
       "      <td>3</td>\n",
       "      <td>4316715.0</td>\n",
       "    </tr>\n",
       "    <tr>\n",
       "      <th>5</th>\n",
       "      <td>5</td>\n",
       "      <td>02/12/2010</td>\n",
       "      <td>Ankara</td>\n",
       "      <td>Big Cities</td>\n",
       "      <td>FC</td>\n",
       "      <td>6</td>\n",
       "      <td>6.0</td>\n",
       "      <td>4.5</td>\n",
       "      <td>7.5</td>\n",
       "      <td>8</td>\n",
       "      <td>...</td>\n",
       "      <td>5.0</td>\n",
       "      <td>0</td>\n",
       "      <td>0</td>\n",
       "      <td>0</td>\n",
       "      <td>0</td>\n",
       "      <td>0</td>\n",
       "      <td>0</td>\n",
       "      <td>0</td>\n",
       "      <td>0</td>\n",
       "      <td>5017319.0</td>\n",
       "    </tr>\n",
       "    <tr>\n",
       "      <th>6</th>\n",
       "      <td>6</td>\n",
       "      <td>10/11/2010</td>\n",
       "      <td>İstanbul</td>\n",
       "      <td>Big Cities</td>\n",
       "      <td>IL</td>\n",
       "      <td>2</td>\n",
       "      <td>3.0</td>\n",
       "      <td>4.0</td>\n",
       "      <td>4.0</td>\n",
       "      <td>1</td>\n",
       "      <td>...</td>\n",
       "      <td>3.0</td>\n",
       "      <td>4</td>\n",
       "      <td>5</td>\n",
       "      <td>2</td>\n",
       "      <td>2</td>\n",
       "      <td>3</td>\n",
       "      <td>5</td>\n",
       "      <td>4</td>\n",
       "      <td>4</td>\n",
       "      <td>5166635.0</td>\n",
       "    </tr>\n",
       "    <tr>\n",
       "      <th>7</th>\n",
       "      <td>7</td>\n",
       "      <td>06/21/2011</td>\n",
       "      <td>İstanbul</td>\n",
       "      <td>Big Cities</td>\n",
       "      <td>IL</td>\n",
       "      <td>4</td>\n",
       "      <td>5.0</td>\n",
       "      <td>4.0</td>\n",
       "      <td>5.0</td>\n",
       "      <td>2</td>\n",
       "      <td>...</td>\n",
       "      <td>2.0</td>\n",
       "      <td>0</td>\n",
       "      <td>0</td>\n",
       "      <td>0</td>\n",
       "      <td>0</td>\n",
       "      <td>0</td>\n",
       "      <td>0</td>\n",
       "      <td>0</td>\n",
       "      <td>0</td>\n",
       "      <td>4491607.0</td>\n",
       "    </tr>\n",
       "    <tr>\n",
       "      <th>8</th>\n",
       "      <td>8</td>\n",
       "      <td>08/28/2010</td>\n",
       "      <td>Afyonkarahisar</td>\n",
       "      <td>Other</td>\n",
       "      <td>IL</td>\n",
       "      <td>1</td>\n",
       "      <td>1.0</td>\n",
       "      <td>4.0</td>\n",
       "      <td>4.0</td>\n",
       "      <td>1</td>\n",
       "      <td>...</td>\n",
       "      <td>3.0</td>\n",
       "      <td>4</td>\n",
       "      <td>5</td>\n",
       "      <td>5</td>\n",
       "      <td>3</td>\n",
       "      <td>4</td>\n",
       "      <td>5</td>\n",
       "      <td>4</td>\n",
       "      <td>5</td>\n",
       "      <td>4952497.0</td>\n",
       "    </tr>\n",
       "    <tr>\n",
       "      <th>9</th>\n",
       "      <td>9</td>\n",
       "      <td>11/16/2011</td>\n",
       "      <td>Edirne</td>\n",
       "      <td>Other</td>\n",
       "      <td>IL</td>\n",
       "      <td>6</td>\n",
       "      <td>4.5</td>\n",
       "      <td>6.0</td>\n",
       "      <td>7.5</td>\n",
       "      <td>6</td>\n",
       "      <td>...</td>\n",
       "      <td>2.5</td>\n",
       "      <td>0</td>\n",
       "      <td>0</td>\n",
       "      <td>0</td>\n",
       "      <td>0</td>\n",
       "      <td>0</td>\n",
       "      <td>0</td>\n",
       "      <td>0</td>\n",
       "      <td>0</td>\n",
       "      <td>5444227.0</td>\n",
       "    </tr>\n",
       "  </tbody>\n",
       "</table>\n",
       "<p>10 rows × 43 columns</p>\n",
       "</div>"
      ],
      "text/plain": [
       "   Id   Open Date            City  City Group Type  P1   P2   P3   P4  P5  \\\n",
       "0   0  07/17/1999        İstanbul  Big Cities   IL   4  5.0  4.0  4.0   2   \n",
       "1   1  02/14/2008          Ankara  Big Cities   FC   4  5.0  4.0  4.0   1   \n",
       "2   2  03/09/2013      Diyarbakır       Other   IL   2  4.0  2.0  5.0   2   \n",
       "3   3  02/02/2012           Tokat       Other   IL   6  4.5  6.0  6.0   4   \n",
       "4   4  05/09/2009       Gaziantep       Other   IL   3  4.0  3.0  4.0   2   \n",
       "5   5  02/12/2010          Ankara  Big Cities   FC   6  6.0  4.5  7.5   8   \n",
       "6   6  10/11/2010        İstanbul  Big Cities   IL   2  3.0  4.0  4.0   1   \n",
       "7   7  06/21/2011        İstanbul  Big Cities   IL   4  5.0  4.0  5.0   2   \n",
       "8   8  08/28/2010  Afyonkarahisar       Other   IL   1  1.0  4.0  4.0   1   \n",
       "9   9  11/16/2011          Edirne       Other   IL   6  4.5  6.0  7.5   6   \n",
       "\n",
       "     ...      P29  P30  P31  P32  P33  P34  P35  P36  P37    revenue  \n",
       "0    ...      3.0    5    3    4    5    5    4    3    4  5653753.0  \n",
       "1    ...      3.0    0    0    0    0    0    0    0    0  6923131.0  \n",
       "2    ...      3.0    0    0    0    0    0    0    0    0  2055379.0  \n",
       "3    ...      7.5   25   12   10    6   18   12   12    6  2675511.0  \n",
       "4    ...      3.0    5    1    3    2    3    4    3    3  4316715.0  \n",
       "5    ...      5.0    0    0    0    0    0    0    0    0  5017319.0  \n",
       "6    ...      3.0    4    5    2    2    3    5    4    4  5166635.0  \n",
       "7    ...      2.0    0    0    0    0    0    0    0    0  4491607.0  \n",
       "8    ...      3.0    4    5    5    3    4    5    4    5  4952497.0  \n",
       "9    ...      2.5    0    0    0    0    0    0    0    0  5444227.0  \n",
       "\n",
       "[10 rows x 43 columns]"
      ]
     },
     "execution_count": 26,
     "metadata": {},
     "output_type": "execute_result"
    }
   ],
   "source": [
    "train.head(10)"
   ]
  },
  {
   "cell_type": "code",
   "execution_count": 83,
   "metadata": {
    "collapsed": true
   },
   "outputs": [],
   "source": [
    "#subset   from   P30   TO  P37 CAUS THEY LOOK  CATEGORICAL\n",
    "names=[\"P1\",\"P5\",\"P30\",\"P31\",\"P32\",\"P33\",\"P34\",\"P35\",\"P36\",\"P37\"]"
   ]
  },
  {
   "cell_type": "code",
   "execution_count": 84,
   "metadata": {
    "collapsed": false
   },
   "outputs": [],
   "source": [
    "tr=train[[col for col in train.columns if col in names]]"
   ]
  },
  {
   "cell_type": "code",
   "execution_count": 85,
   "metadata": {
    "collapsed": false
   },
   "outputs": [
    {
     "data": {
      "text/html": [
       "<div>\n",
       "<table border=\"1\" class=\"dataframe\">\n",
       "  <thead>\n",
       "    <tr style=\"text-align: right;\">\n",
       "      <th></th>\n",
       "      <th>P1</th>\n",
       "      <th>P5</th>\n",
       "      <th>P30</th>\n",
       "      <th>P31</th>\n",
       "      <th>P32</th>\n",
       "      <th>P33</th>\n",
       "      <th>P34</th>\n",
       "      <th>P35</th>\n",
       "      <th>P36</th>\n",
       "      <th>P37</th>\n",
       "    </tr>\n",
       "  </thead>\n",
       "  <tbody>\n",
       "    <tr>\n",
       "      <th>0</th>\n",
       "      <td>4</td>\n",
       "      <td>2</td>\n",
       "      <td>5</td>\n",
       "      <td>3</td>\n",
       "      <td>4</td>\n",
       "      <td>5</td>\n",
       "      <td>5</td>\n",
       "      <td>4</td>\n",
       "      <td>3</td>\n",
       "      <td>4</td>\n",
       "    </tr>\n",
       "    <tr>\n",
       "      <th>1</th>\n",
       "      <td>4</td>\n",
       "      <td>1</td>\n",
       "      <td>0</td>\n",
       "      <td>0</td>\n",
       "      <td>0</td>\n",
       "      <td>0</td>\n",
       "      <td>0</td>\n",
       "      <td>0</td>\n",
       "      <td>0</td>\n",
       "      <td>0</td>\n",
       "    </tr>\n",
       "    <tr>\n",
       "      <th>2</th>\n",
       "      <td>2</td>\n",
       "      <td>2</td>\n",
       "      <td>0</td>\n",
       "      <td>0</td>\n",
       "      <td>0</td>\n",
       "      <td>0</td>\n",
       "      <td>0</td>\n",
       "      <td>0</td>\n",
       "      <td>0</td>\n",
       "      <td>0</td>\n",
       "    </tr>\n",
       "    <tr>\n",
       "      <th>3</th>\n",
       "      <td>6</td>\n",
       "      <td>4</td>\n",
       "      <td>25</td>\n",
       "      <td>12</td>\n",
       "      <td>10</td>\n",
       "      <td>6</td>\n",
       "      <td>18</td>\n",
       "      <td>12</td>\n",
       "      <td>12</td>\n",
       "      <td>6</td>\n",
       "    </tr>\n",
       "    <tr>\n",
       "      <th>4</th>\n",
       "      <td>3</td>\n",
       "      <td>2</td>\n",
       "      <td>5</td>\n",
       "      <td>1</td>\n",
       "      <td>3</td>\n",
       "      <td>2</td>\n",
       "      <td>3</td>\n",
       "      <td>4</td>\n",
       "      <td>3</td>\n",
       "      <td>3</td>\n",
       "    </tr>\n",
       "    <tr>\n",
       "      <th>5</th>\n",
       "      <td>6</td>\n",
       "      <td>8</td>\n",
       "      <td>0</td>\n",
       "      <td>0</td>\n",
       "      <td>0</td>\n",
       "      <td>0</td>\n",
       "      <td>0</td>\n",
       "      <td>0</td>\n",
       "      <td>0</td>\n",
       "      <td>0</td>\n",
       "    </tr>\n",
       "    <tr>\n",
       "      <th>6</th>\n",
       "      <td>2</td>\n",
       "      <td>1</td>\n",
       "      <td>4</td>\n",
       "      <td>5</td>\n",
       "      <td>2</td>\n",
       "      <td>2</td>\n",
       "      <td>3</td>\n",
       "      <td>5</td>\n",
       "      <td>4</td>\n",
       "      <td>4</td>\n",
       "    </tr>\n",
       "    <tr>\n",
       "      <th>7</th>\n",
       "      <td>4</td>\n",
       "      <td>2</td>\n",
       "      <td>0</td>\n",
       "      <td>0</td>\n",
       "      <td>0</td>\n",
       "      <td>0</td>\n",
       "      <td>0</td>\n",
       "      <td>0</td>\n",
       "      <td>0</td>\n",
       "      <td>0</td>\n",
       "    </tr>\n",
       "    <tr>\n",
       "      <th>8</th>\n",
       "      <td>1</td>\n",
       "      <td>1</td>\n",
       "      <td>4</td>\n",
       "      <td>5</td>\n",
       "      <td>5</td>\n",
       "      <td>3</td>\n",
       "      <td>4</td>\n",
       "      <td>5</td>\n",
       "      <td>4</td>\n",
       "      <td>5</td>\n",
       "    </tr>\n",
       "    <tr>\n",
       "      <th>9</th>\n",
       "      <td>6</td>\n",
       "      <td>6</td>\n",
       "      <td>0</td>\n",
       "      <td>0</td>\n",
       "      <td>0</td>\n",
       "      <td>0</td>\n",
       "      <td>0</td>\n",
       "      <td>0</td>\n",
       "      <td>0</td>\n",
       "      <td>0</td>\n",
       "    </tr>\n",
       "  </tbody>\n",
       "</table>\n",
       "</div>"
      ],
      "text/plain": [
       "   P1  P5  P30  P31  P32  P33  P34  P35  P36  P37\n",
       "0   4   2    5    3    4    5    5    4    3    4\n",
       "1   4   1    0    0    0    0    0    0    0    0\n",
       "2   2   2    0    0    0    0    0    0    0    0\n",
       "3   6   4   25   12   10    6   18   12   12    6\n",
       "4   3   2    5    1    3    2    3    4    3    3\n",
       "5   6   8    0    0    0    0    0    0    0    0\n",
       "6   2   1    4    5    2    2    3    5    4    4\n",
       "7   4   2    0    0    0    0    0    0    0    0\n",
       "8   1   1    4    5    5    3    4    5    4    5\n",
       "9   6   6    0    0    0    0    0    0    0    0"
      ]
     },
     "execution_count": 85,
     "metadata": {},
     "output_type": "execute_result"
    }
   ],
   "source": [
    "tr.head(10)"
   ]
  },
  {
   "cell_type": "code",
   "execution_count": 86,
   "metadata": {
    "collapsed": false
   },
   "outputs": [
    {
     "data": {
      "text/plain": [
       "10"
      ]
     },
     "execution_count": 86,
     "metadata": {},
     "output_type": "execute_result"
    }
   ],
   "source": [
    "rows = tr.shape[1]\n",
    "rows"
   ]
  },
  {
   "cell_type": "code",
   "execution_count": 87,
   "metadata": {
    "collapsed": true
   },
   "outputs": [],
   "source": [
    "matrix= np.zeros((rows,rows))"
   ]
  },
  {
   "cell_type": "code",
   "execution_count": 88,
   "metadata": {
    "collapsed": false
   },
   "outputs": [],
   "source": [
    "chech_simmetry=[]\n",
    "for i in range(rows):\n",
    "    for j in  range(i, rows):\n",
    "        cor=o(tr[names[i]],tr[names[j]])\n",
    "  \n",
    "        matrix[i,j]=cor\n",
    "        matrix[j,i]=cor\n",
    "        chech_simmetry.append(o(tr[names[i]],tr[names[j]])==o(tr[names[j]],tr[names[i]]))\n",
    "    "
   ]
  },
  {
   "cell_type": "code",
   "execution_count": 89,
   "metadata": {
    "collapsed": false
   },
   "outputs": [
    {
     "data": {
      "text/html": [
       "<div>\n",
       "<table border=\"1\" class=\"dataframe\">\n",
       "  <thead>\n",
       "    <tr style=\"text-align: right;\">\n",
       "      <th></th>\n",
       "      <th>0</th>\n",
       "      <th>1</th>\n",
       "      <th>2</th>\n",
       "      <th>3</th>\n",
       "      <th>4</th>\n",
       "      <th>5</th>\n",
       "      <th>6</th>\n",
       "      <th>7</th>\n",
       "      <th>8</th>\n",
       "      <th>9</th>\n",
       "    </tr>\n",
       "  </thead>\n",
       "  <tbody>\n",
       "    <tr>\n",
       "      <th>0</th>\n",
       "      <td>1.000000</td>\n",
       "      <td>0.675653</td>\n",
       "      <td>0.268167</td>\n",
       "      <td>0.272264</td>\n",
       "      <td>0.274514</td>\n",
       "      <td>0.408126</td>\n",
       "      <td>0.356035</td>\n",
       "      <td>0.205522</td>\n",
       "      <td>0.328922</td>\n",
       "      <td>0.351370</td>\n",
       "    </tr>\n",
       "    <tr>\n",
       "      <th>1</th>\n",
       "      <td>0.675653</td>\n",
       "      <td>1.000000</td>\n",
       "      <td>0.584106</td>\n",
       "      <td>0.633065</td>\n",
       "      <td>0.594941</td>\n",
       "      <td>0.746359</td>\n",
       "      <td>0.625737</td>\n",
       "      <td>0.575085</td>\n",
       "      <td>0.592034</td>\n",
       "      <td>0.660981</td>\n",
       "    </tr>\n",
       "    <tr>\n",
       "      <th>2</th>\n",
       "      <td>0.268167</td>\n",
       "      <td>0.584106</td>\n",
       "      <td>1.000000</td>\n",
       "      <td>0.948606</td>\n",
       "      <td>0.982466</td>\n",
       "      <td>0.952058</td>\n",
       "      <td>0.964821</td>\n",
       "      <td>0.985159</td>\n",
       "      <td>0.966881</td>\n",
       "      <td>0.982362</td>\n",
       "    </tr>\n",
       "    <tr>\n",
       "      <th>3</th>\n",
       "      <td>0.272264</td>\n",
       "      <td>0.633065</td>\n",
       "      <td>0.948606</td>\n",
       "      <td>1.000000</td>\n",
       "      <td>0.987624</td>\n",
       "      <td>0.966258</td>\n",
       "      <td>0.959152</td>\n",
       "      <td>0.953761</td>\n",
       "      <td>0.958286</td>\n",
       "      <td>0.967886</td>\n",
       "    </tr>\n",
       "    <tr>\n",
       "      <th>4</th>\n",
       "      <td>0.274514</td>\n",
       "      <td>0.594941</td>\n",
       "      <td>0.982466</td>\n",
       "      <td>0.987624</td>\n",
       "      <td>1.000000</td>\n",
       "      <td>0.968599</td>\n",
       "      <td>0.977803</td>\n",
       "      <td>0.974624</td>\n",
       "      <td>0.975671</td>\n",
       "      <td>0.987410</td>\n",
       "    </tr>\n",
       "    <tr>\n",
       "      <th>5</th>\n",
       "      <td>0.408126</td>\n",
       "      <td>0.746359</td>\n",
       "      <td>0.952058</td>\n",
       "      <td>0.966258</td>\n",
       "      <td>0.968599</td>\n",
       "      <td>1.000000</td>\n",
       "      <td>0.980045</td>\n",
       "      <td>0.932432</td>\n",
       "      <td>0.970005</td>\n",
       "      <td>0.987922</td>\n",
       "    </tr>\n",
       "    <tr>\n",
       "      <th>6</th>\n",
       "      <td>0.356035</td>\n",
       "      <td>0.625737</td>\n",
       "      <td>0.964821</td>\n",
       "      <td>0.959152</td>\n",
       "      <td>0.977803</td>\n",
       "      <td>0.980045</td>\n",
       "      <td>1.000000</td>\n",
       "      <td>0.945015</td>\n",
       "      <td>0.994502</td>\n",
       "      <td>0.993238</td>\n",
       "    </tr>\n",
       "    <tr>\n",
       "      <th>7</th>\n",
       "      <td>0.205522</td>\n",
       "      <td>0.575085</td>\n",
       "      <td>0.985159</td>\n",
       "      <td>0.953761</td>\n",
       "      <td>0.974624</td>\n",
       "      <td>0.932432</td>\n",
       "      <td>0.945015</td>\n",
       "      <td>1.000000</td>\n",
       "      <td>0.951840</td>\n",
       "      <td>0.965682</td>\n",
       "    </tr>\n",
       "    <tr>\n",
       "      <th>8</th>\n",
       "      <td>0.328922</td>\n",
       "      <td>0.592034</td>\n",
       "      <td>0.966881</td>\n",
       "      <td>0.958286</td>\n",
       "      <td>0.975671</td>\n",
       "      <td>0.970005</td>\n",
       "      <td>0.994502</td>\n",
       "      <td>0.951840</td>\n",
       "      <td>1.000000</td>\n",
       "      <td>0.986442</td>\n",
       "    </tr>\n",
       "    <tr>\n",
       "      <th>9</th>\n",
       "      <td>0.351370</td>\n",
       "      <td>0.660981</td>\n",
       "      <td>0.982362</td>\n",
       "      <td>0.967886</td>\n",
       "      <td>0.987410</td>\n",
       "      <td>0.987922</td>\n",
       "      <td>0.993238</td>\n",
       "      <td>0.965682</td>\n",
       "      <td>0.986442</td>\n",
       "      <td>1.000000</td>\n",
       "    </tr>\n",
       "  </tbody>\n",
       "</table>\n",
       "</div>"
      ],
      "text/plain": [
       "          0         1         2         3         4         5         6  \\\n",
       "0  1.000000  0.675653  0.268167  0.272264  0.274514  0.408126  0.356035   \n",
       "1  0.675653  1.000000  0.584106  0.633065  0.594941  0.746359  0.625737   \n",
       "2  0.268167  0.584106  1.000000  0.948606  0.982466  0.952058  0.964821   \n",
       "3  0.272264  0.633065  0.948606  1.000000  0.987624  0.966258  0.959152   \n",
       "4  0.274514  0.594941  0.982466  0.987624  1.000000  0.968599  0.977803   \n",
       "5  0.408126  0.746359  0.952058  0.966258  0.968599  1.000000  0.980045   \n",
       "6  0.356035  0.625737  0.964821  0.959152  0.977803  0.980045  1.000000   \n",
       "7  0.205522  0.575085  0.985159  0.953761  0.974624  0.932432  0.945015   \n",
       "8  0.328922  0.592034  0.966881  0.958286  0.975671  0.970005  0.994502   \n",
       "9  0.351370  0.660981  0.982362  0.967886  0.987410  0.987922  0.993238   \n",
       "\n",
       "          7         8         9  \n",
       "0  0.205522  0.328922  0.351370  \n",
       "1  0.575085  0.592034  0.660981  \n",
       "2  0.985159  0.966881  0.982362  \n",
       "3  0.953761  0.958286  0.967886  \n",
       "4  0.974624  0.975671  0.987410  \n",
       "5  0.932432  0.970005  0.987922  \n",
       "6  0.945015  0.994502  0.993238  \n",
       "7  1.000000  0.951840  0.965682  \n",
       "8  0.951840  1.000000  0.986442  \n",
       "9  0.965682  0.986442  1.000000  "
      ]
     },
     "execution_count": 89,
     "metadata": {},
     "output_type": "execute_result"
    }
   ],
   "source": [
    "matrix=pd.DataFrame(matrix)\n",
    "matrix"
   ]
  },
  {
   "cell_type": "code",
   "execution_count": 90,
   "metadata": {
    "collapsed": false
   },
   "outputs": [],
   "source": [
    "matrix.columns=names"
   ]
  },
  {
   "cell_type": "code",
   "execution_count": 97,
   "metadata": {
    "collapsed": false
   },
   "outputs": [],
   "source": [
    "matrix.index=matrix.index.set_names=names"
   ]
  },
  {
   "cell_type": "code",
   "execution_count": 98,
   "metadata": {
    "collapsed": false
   },
   "outputs": [
    {
     "data": {
      "text/html": [
       "<div>\n",
       "<table border=\"1\" class=\"dataframe\">\n",
       "  <thead>\n",
       "    <tr style=\"text-align: right;\">\n",
       "      <th></th>\n",
       "      <th>P1</th>\n",
       "      <th>P5</th>\n",
       "      <th>P30</th>\n",
       "      <th>P31</th>\n",
       "      <th>P32</th>\n",
       "      <th>P33</th>\n",
       "      <th>P34</th>\n",
       "      <th>P35</th>\n",
       "      <th>P36</th>\n",
       "      <th>P37</th>\n",
       "    </tr>\n",
       "  </thead>\n",
       "  <tbody>\n",
       "    <tr>\n",
       "      <th>P1</th>\n",
       "      <td>1.000000</td>\n",
       "      <td>0.675653</td>\n",
       "      <td>0.268167</td>\n",
       "      <td>0.272264</td>\n",
       "      <td>0.274514</td>\n",
       "      <td>0.408126</td>\n",
       "      <td>0.356035</td>\n",
       "      <td>0.205522</td>\n",
       "      <td>0.328922</td>\n",
       "      <td>0.351370</td>\n",
       "    </tr>\n",
       "    <tr>\n",
       "      <th>P5</th>\n",
       "      <td>0.675653</td>\n",
       "      <td>1.000000</td>\n",
       "      <td>0.584106</td>\n",
       "      <td>0.633065</td>\n",
       "      <td>0.594941</td>\n",
       "      <td>0.746359</td>\n",
       "      <td>0.625737</td>\n",
       "      <td>0.575085</td>\n",
       "      <td>0.592034</td>\n",
       "      <td>0.660981</td>\n",
       "    </tr>\n",
       "    <tr>\n",
       "      <th>P30</th>\n",
       "      <td>0.268167</td>\n",
       "      <td>0.584106</td>\n",
       "      <td>1.000000</td>\n",
       "      <td>0.948606</td>\n",
       "      <td>0.982466</td>\n",
       "      <td>0.952058</td>\n",
       "      <td>0.964821</td>\n",
       "      <td>0.985159</td>\n",
       "      <td>0.966881</td>\n",
       "      <td>0.982362</td>\n",
       "    </tr>\n",
       "    <tr>\n",
       "      <th>P31</th>\n",
       "      <td>0.272264</td>\n",
       "      <td>0.633065</td>\n",
       "      <td>0.948606</td>\n",
       "      <td>1.000000</td>\n",
       "      <td>0.987624</td>\n",
       "      <td>0.966258</td>\n",
       "      <td>0.959152</td>\n",
       "      <td>0.953761</td>\n",
       "      <td>0.958286</td>\n",
       "      <td>0.967886</td>\n",
       "    </tr>\n",
       "    <tr>\n",
       "      <th>P32</th>\n",
       "      <td>0.274514</td>\n",
       "      <td>0.594941</td>\n",
       "      <td>0.982466</td>\n",
       "      <td>0.987624</td>\n",
       "      <td>1.000000</td>\n",
       "      <td>0.968599</td>\n",
       "      <td>0.977803</td>\n",
       "      <td>0.974624</td>\n",
       "      <td>0.975671</td>\n",
       "      <td>0.987410</td>\n",
       "    </tr>\n",
       "    <tr>\n",
       "      <th>P33</th>\n",
       "      <td>0.408126</td>\n",
       "      <td>0.746359</td>\n",
       "      <td>0.952058</td>\n",
       "      <td>0.966258</td>\n",
       "      <td>0.968599</td>\n",
       "      <td>1.000000</td>\n",
       "      <td>0.980045</td>\n",
       "      <td>0.932432</td>\n",
       "      <td>0.970005</td>\n",
       "      <td>0.987922</td>\n",
       "    </tr>\n",
       "    <tr>\n",
       "      <th>P34</th>\n",
       "      <td>0.356035</td>\n",
       "      <td>0.625737</td>\n",
       "      <td>0.964821</td>\n",
       "      <td>0.959152</td>\n",
       "      <td>0.977803</td>\n",
       "      <td>0.980045</td>\n",
       "      <td>1.000000</td>\n",
       "      <td>0.945015</td>\n",
       "      <td>0.994502</td>\n",
       "      <td>0.993238</td>\n",
       "    </tr>\n",
       "    <tr>\n",
       "      <th>P35</th>\n",
       "      <td>0.205522</td>\n",
       "      <td>0.575085</td>\n",
       "      <td>0.985159</td>\n",
       "      <td>0.953761</td>\n",
       "      <td>0.974624</td>\n",
       "      <td>0.932432</td>\n",
       "      <td>0.945015</td>\n",
       "      <td>1.000000</td>\n",
       "      <td>0.951840</td>\n",
       "      <td>0.965682</td>\n",
       "    </tr>\n",
       "    <tr>\n",
       "      <th>P36</th>\n",
       "      <td>0.328922</td>\n",
       "      <td>0.592034</td>\n",
       "      <td>0.966881</td>\n",
       "      <td>0.958286</td>\n",
       "      <td>0.975671</td>\n",
       "      <td>0.970005</td>\n",
       "      <td>0.994502</td>\n",
       "      <td>0.951840</td>\n",
       "      <td>1.000000</td>\n",
       "      <td>0.986442</td>\n",
       "    </tr>\n",
       "    <tr>\n",
       "      <th>P37</th>\n",
       "      <td>0.351370</td>\n",
       "      <td>0.660981</td>\n",
       "      <td>0.982362</td>\n",
       "      <td>0.967886</td>\n",
       "      <td>0.987410</td>\n",
       "      <td>0.987922</td>\n",
       "      <td>0.993238</td>\n",
       "      <td>0.965682</td>\n",
       "      <td>0.986442</td>\n",
       "      <td>1.000000</td>\n",
       "    </tr>\n",
       "  </tbody>\n",
       "</table>\n",
       "</div>"
      ],
      "text/plain": [
       "           P1        P5       P30       P31       P32       P33       P34  \\\n",
       "P1   1.000000  0.675653  0.268167  0.272264  0.274514  0.408126  0.356035   \n",
       "P5   0.675653  1.000000  0.584106  0.633065  0.594941  0.746359  0.625737   \n",
       "P30  0.268167  0.584106  1.000000  0.948606  0.982466  0.952058  0.964821   \n",
       "P31  0.272264  0.633065  0.948606  1.000000  0.987624  0.966258  0.959152   \n",
       "P32  0.274514  0.594941  0.982466  0.987624  1.000000  0.968599  0.977803   \n",
       "P33  0.408126  0.746359  0.952058  0.966258  0.968599  1.000000  0.980045   \n",
       "P34  0.356035  0.625737  0.964821  0.959152  0.977803  0.980045  1.000000   \n",
       "P35  0.205522  0.575085  0.985159  0.953761  0.974624  0.932432  0.945015   \n",
       "P36  0.328922  0.592034  0.966881  0.958286  0.975671  0.970005  0.994502   \n",
       "P37  0.351370  0.660981  0.982362  0.967886  0.987410  0.987922  0.993238   \n",
       "\n",
       "          P35       P36       P37  \n",
       "P1   0.205522  0.328922  0.351370  \n",
       "P5   0.575085  0.592034  0.660981  \n",
       "P30  0.985159  0.966881  0.982362  \n",
       "P31  0.953761  0.958286  0.967886  \n",
       "P32  0.974624  0.975671  0.987410  \n",
       "P33  0.932432  0.970005  0.987922  \n",
       "P34  0.945015  0.994502  0.993238  \n",
       "P35  1.000000  0.951840  0.965682  \n",
       "P36  0.951840  1.000000  0.986442  \n",
       "P37  0.965682  0.986442  1.000000  "
      ]
     },
     "execution_count": 98,
     "metadata": {},
     "output_type": "execute_result"
    }
   ],
   "source": [
    "matrix"
   ]
  },
  {
   "cell_type": "code",
   "execution_count": 101,
   "metadata": {
    "collapsed": false
   },
   "outputs": [],
   "source": [
    "import  string\n",
    "import numpy as np\n",
    "import pandas as pd\n",
    "import seaborn as sns\n",
    "import matplotlib.pyplot as plt\n"
   ]
  },
  {
   "cell_type": "code",
   "execution_count": 123,
   "metadata": {
    "collapsed": true
   },
   "outputs": [],
   "source": [
    "corr=matrix"
   ]
  },
  {
   "cell_type": "code",
   "execution_count": 124,
   "metadata": {
    "collapsed": false
   },
   "outputs": [
    {
     "data": {
      "text/html": [
       "<div>\n",
       "<table border=\"1\" class=\"dataframe\">\n",
       "  <thead>\n",
       "    <tr style=\"text-align: right;\">\n",
       "      <th></th>\n",
       "      <th>P1</th>\n",
       "      <th>P5</th>\n",
       "      <th>P30</th>\n",
       "      <th>P31</th>\n",
       "      <th>P32</th>\n",
       "      <th>P33</th>\n",
       "      <th>P34</th>\n",
       "      <th>P35</th>\n",
       "      <th>P36</th>\n",
       "      <th>P37</th>\n",
       "    </tr>\n",
       "  </thead>\n",
       "  <tbody>\n",
       "    <tr>\n",
       "      <th>P1</th>\n",
       "      <td>1.000000</td>\n",
       "      <td>0.675653</td>\n",
       "      <td>0.268167</td>\n",
       "      <td>0.272264</td>\n",
       "      <td>0.274514</td>\n",
       "      <td>0.408126</td>\n",
       "      <td>0.356035</td>\n",
       "      <td>0.205522</td>\n",
       "      <td>0.328922</td>\n",
       "      <td>0.351370</td>\n",
       "    </tr>\n",
       "    <tr>\n",
       "      <th>P5</th>\n",
       "      <td>0.675653</td>\n",
       "      <td>1.000000</td>\n",
       "      <td>0.584106</td>\n",
       "      <td>0.633065</td>\n",
       "      <td>0.594941</td>\n",
       "      <td>0.746359</td>\n",
       "      <td>0.625737</td>\n",
       "      <td>0.575085</td>\n",
       "      <td>0.592034</td>\n",
       "      <td>0.660981</td>\n",
       "    </tr>\n",
       "    <tr>\n",
       "      <th>P30</th>\n",
       "      <td>0.268167</td>\n",
       "      <td>0.584106</td>\n",
       "      <td>1.000000</td>\n",
       "      <td>0.948606</td>\n",
       "      <td>0.982466</td>\n",
       "      <td>0.952058</td>\n",
       "      <td>0.964821</td>\n",
       "      <td>0.985159</td>\n",
       "      <td>0.966881</td>\n",
       "      <td>0.982362</td>\n",
       "    </tr>\n",
       "    <tr>\n",
       "      <th>P31</th>\n",
       "      <td>0.272264</td>\n",
       "      <td>0.633065</td>\n",
       "      <td>0.948606</td>\n",
       "      <td>1.000000</td>\n",
       "      <td>0.987624</td>\n",
       "      <td>0.966258</td>\n",
       "      <td>0.959152</td>\n",
       "      <td>0.953761</td>\n",
       "      <td>0.958286</td>\n",
       "      <td>0.967886</td>\n",
       "    </tr>\n",
       "    <tr>\n",
       "      <th>P32</th>\n",
       "      <td>0.274514</td>\n",
       "      <td>0.594941</td>\n",
       "      <td>0.982466</td>\n",
       "      <td>0.987624</td>\n",
       "      <td>1.000000</td>\n",
       "      <td>0.968599</td>\n",
       "      <td>0.977803</td>\n",
       "      <td>0.974624</td>\n",
       "      <td>0.975671</td>\n",
       "      <td>0.987410</td>\n",
       "    </tr>\n",
       "    <tr>\n",
       "      <th>P33</th>\n",
       "      <td>0.408126</td>\n",
       "      <td>0.746359</td>\n",
       "      <td>0.952058</td>\n",
       "      <td>0.966258</td>\n",
       "      <td>0.968599</td>\n",
       "      <td>1.000000</td>\n",
       "      <td>0.980045</td>\n",
       "      <td>0.932432</td>\n",
       "      <td>0.970005</td>\n",
       "      <td>0.987922</td>\n",
       "    </tr>\n",
       "    <tr>\n",
       "      <th>P34</th>\n",
       "      <td>0.356035</td>\n",
       "      <td>0.625737</td>\n",
       "      <td>0.964821</td>\n",
       "      <td>0.959152</td>\n",
       "      <td>0.977803</td>\n",
       "      <td>0.980045</td>\n",
       "      <td>1.000000</td>\n",
       "      <td>0.945015</td>\n",
       "      <td>0.994502</td>\n",
       "      <td>0.993238</td>\n",
       "    </tr>\n",
       "    <tr>\n",
       "      <th>P35</th>\n",
       "      <td>0.205522</td>\n",
       "      <td>0.575085</td>\n",
       "      <td>0.985159</td>\n",
       "      <td>0.953761</td>\n",
       "      <td>0.974624</td>\n",
       "      <td>0.932432</td>\n",
       "      <td>0.945015</td>\n",
       "      <td>1.000000</td>\n",
       "      <td>0.951840</td>\n",
       "      <td>0.965682</td>\n",
       "    </tr>\n",
       "    <tr>\n",
       "      <th>P36</th>\n",
       "      <td>0.328922</td>\n",
       "      <td>0.592034</td>\n",
       "      <td>0.966881</td>\n",
       "      <td>0.958286</td>\n",
       "      <td>0.975671</td>\n",
       "      <td>0.970005</td>\n",
       "      <td>0.994502</td>\n",
       "      <td>0.951840</td>\n",
       "      <td>1.000000</td>\n",
       "      <td>0.986442</td>\n",
       "    </tr>\n",
       "    <tr>\n",
       "      <th>P37</th>\n",
       "      <td>0.351370</td>\n",
       "      <td>0.660981</td>\n",
       "      <td>0.982362</td>\n",
       "      <td>0.967886</td>\n",
       "      <td>0.987410</td>\n",
       "      <td>0.987922</td>\n",
       "      <td>0.993238</td>\n",
       "      <td>0.965682</td>\n",
       "      <td>0.986442</td>\n",
       "      <td>1.000000</td>\n",
       "    </tr>\n",
       "  </tbody>\n",
       "</table>\n",
       "</div>"
      ],
      "text/plain": [
       "           P1        P5       P30       P31       P32       P33       P34  \\\n",
       "P1   1.000000  0.675653  0.268167  0.272264  0.274514  0.408126  0.356035   \n",
       "P5   0.675653  1.000000  0.584106  0.633065  0.594941  0.746359  0.625737   \n",
       "P30  0.268167  0.584106  1.000000  0.948606  0.982466  0.952058  0.964821   \n",
       "P31  0.272264  0.633065  0.948606  1.000000  0.987624  0.966258  0.959152   \n",
       "P32  0.274514  0.594941  0.982466  0.987624  1.000000  0.968599  0.977803   \n",
       "P33  0.408126  0.746359  0.952058  0.966258  0.968599  1.000000  0.980045   \n",
       "P34  0.356035  0.625737  0.964821  0.959152  0.977803  0.980045  1.000000   \n",
       "P35  0.205522  0.575085  0.985159  0.953761  0.974624  0.932432  0.945015   \n",
       "P36  0.328922  0.592034  0.966881  0.958286  0.975671  0.970005  0.994502   \n",
       "P37  0.351370  0.660981  0.982362  0.967886  0.987410  0.987922  0.993238   \n",
       "\n",
       "          P35       P36       P37  \n",
       "P1   0.205522  0.328922  0.351370  \n",
       "P5   0.575085  0.592034  0.660981  \n",
       "P30  0.985159  0.966881  0.982362  \n",
       "P31  0.953761  0.958286  0.967886  \n",
       "P32  0.974624  0.975671  0.987410  \n",
       "P33  0.932432  0.970005  0.987922  \n",
       "P34  0.945015  0.994502  0.993238  \n",
